0.017022 8
0.000013 284
3.519033 1
0.250059 1
0.059848 1
0.175033 4
0.134960 4
0.105006 1
0.089942 1
0.115083 1
0.055005 1
0.065013 1
0.044995 1
0.185078 1
0.154989 1
0.055011 1
0.115096 1
0.665164 1
0.119839 1
0.195096 1
0.079877 1
0.090013 1
0.055048 1
0.074995 1
0.230170 1
0.045008 1
0.144932 1
0.064997 1
0.059953 1
0.350063 1
0.910170 1
0.350097 1
0.239953 4
0.054895 1
0.144184 1
0.749971 1
1.225189 1
0.044848 1
0.110040 1
0.355121 1
0.044975 1
0.124981 1
0.085147 1
0.084841 1
0.510149 11
0.111936 66
0.270634 292
10.446680 876
0.505984 1210
0.000011 9
0.053400 69
2.241607 1
0.345048 2
0.059578 13
0.880553 1
0.049868 1
0.120051 1
0.075033 1
0.094946 2
0.000228 15
0.824886 1
0.335129 1
0.089882 1
0.075063 1
0.154985 1
0.044995 1
0.069999 1
0.220054 3
0.124907 3
0.135233 1
0.039807 1
0.050010 1
0.185036 2
0.005262 13
0.554978 1
0.069782 1
0.105123 1
0.100137 1
0.074865 2
0.002680 23
0.320460 8
0.000017 284
1.242181 809
0.520016 11
0.056914 69
1.023059 1
0.265038 2
0.060569 64
0.834478 1
0.275097 2
0.000159 22
1.138921 1
0.285017 3
0.185037 1
0.054936 1
0.089990 1
0.140084 1
0.099941 1
0.025052 1
0.080114 1
0.256491 2
0.000109 20
1.703563 1
0.329994 1
0.085085 1
0.320049 1
0.134883 1
0.255078 1
0.084991 1
0.049898 1
0.095073 1
0.069977 1
0.280103 2
0.018039 54
0.000011 64
1.367063 1
0.450167 2
0.000128 22
2.690139 1
0.309950 1
0.044998 1
0.189954 1
0.099985 1
0.065043 1
0.094955 1
0.315186 1
0.189970 1
0.164917 1
0.174936 1
0.200178 3
0.119913 3
0.105045 3
0.160046 1
0.155063 1
0.099864 1
0.390359 1
0.099807 1
0.044950 1
0.230145 2
0.000129 20
3.399020 1
0.290196 1
0.089943 1
0.101936 1
0.067957 1
0.130228 1
0.169942 1
0.119962 1
0.275140 3
0.029887 1
0.070026 1
0.160048 2
0.000398 60
0.000017 64
2.154808 1
0.465085 2
0.000097 22
3.140325 1
0.034781 1
0.064952 1
0.495258 1
0.109876 1
0.029959 1
0.065046 1
0.240134 2
0.000092 20
2.939197 1
0.239994 1
0.124900 1
0.060076 1
0.069984 1
0.150059 1
0.009930 1
0.109984 1
0.180089 2
0.000348 52
0.000014 64
0.979923 1
0.454959 2
0.000144 20
0.864910 1
0.249918 1
0.065140 1
0.064887 1
0.095077 1
0.194948 1
0.044995 1
0.104993 1
0.124969 2
0.005764 136
1.979533 1
0.675188 2
0.000132 20
2.094847 1
0.310268 1
0.339870 3
0.485141 1
0.174921 1
0.120037 1
0.104995 1
0.099977 1
0.190092 1
0.044883 1
0.074966 1
0.105372 2
0.000478 80
0.000010 64
1.508474 1
0.820141 3
0.064972 1
0.239991 2
0.003048 28
0.000037 35
0.004442 31
0.000023 64
2.212871 1
0.359919 2
0.000102 9
0.318378 292
0.851674 11
0.000015 6
